[gd_scene load_steps=3 format=2]

[ext_resource path="res://characters/TankControlledCharacter.tscn" type="PackedScene" id=1]
[ext_resource path="res://camera/Director.gd" type="Script" id=2]

[node name="MultiShotTest" type="Spatial"]

[node name="TankControlledCharacter" parent="." instance=ExtResource( 1 )]

[node name="Director" type="Node" parent="."]
script = ExtResource( 2 )

[node name="Camera" type="Camera" parent="Director"]
transform = Transform( 1, 0, 0, 0, 0.707107, 0.707107, 0, -0.707107, 0.707107, -5, 5, 5 )

[node name="Camera2" type="Camera" parent="Director"]
transform = Transform( 1, 0, 0, 0, 0.707107, 0.707107, 0, -0.707107, 0.707107, 0, 5, 5 )
current = true

[node name="Camera3" type="Camera" parent="Director"]
transform = Transform( 1, 0, 0, 0, 0.707107, 0.707107, 0, -0.707107, 0.707107, 5, 5, 5 )

