[gd_scene load_steps=6 format=2]

[ext_resource path="res://characters/TankControlledCharacter.tscn" type="PackedScene" id=1]
[ext_resource path="res://camera/Director.gd" type="Script" id=2]

[sub_resource type="PlaneMesh" id=1]

[sub_resource type="CylinderMesh" id=2]

[sub_resource type="CubeMesh" id=3]

[node name="MultiShotTest" type="Spatial"]

[node name="TankControlledCharacter" parent="." instance=ExtResource( 1 )]

[node name="Director" type="Node" parent="."]
script = ExtResource( 2 )

[node name="Camera" type="Camera" parent="Director"]
transform = Transform( 0.766044, 0.45452, -0.45452, 0, 0.707107, 0.707107, 0.642788, -0.541675, 0.541675, -5, 5, 5 )

[node name="Camera4" type="Camera" parent="Director"]
transform = Transform( -0.766045, -0.454519, 0.454519, 0, 0.707107, 0.707107, -0.642788, 0.541675, -0.541675, 4.98097, 5, -6.56422 )

[node name="Camera3" type="Camera" parent="Director"]
transform = Transform( 0.819152, -0.40558, 0.40558, 0, 0.707107, 0.707107, -0.573576, -0.579228, 0.579228, 5, 5, 5 )

[node name="Camera5" type="Camera" parent="Director"]
transform = Transform( -0.642788, 0.541675, -0.541675, 0, 0.707107, 0.707107, 0.766045, 0.454519, -0.454519, -4.98097, 5, -7.43578 )

[node name="Environment" type="Spatial" parent="."]

[node name="MeshInstance" type="MeshInstance" parent="Environment"]
transform = Transform( 32, 0, 0, 0, 1, 0, 0, 0, 32, 0, 0, 0 )
mesh = SubResource( 1 )
material/0 = null

[node name="MeshInstance2" type="MeshInstance" parent="Environment"]
transform = Transform( 1, 0, 0, 0, 1, 0, 0, 0, 1, 2.42466, 1.03369, -3.88532 )
mesh = SubResource( 2 )
material/0 = null

[node name="MeshInstance3" type="MeshInstance" parent="Environment"]
transform = Transform( 1, 0, 0, 0, 1, 0, 0, 0, 1, 4.63374, 1.03369, -4.50037 )
mesh = SubResource( 2 )
material/0 = null

[node name="MeshInstance4" type="MeshInstance" parent="Environment"]
transform = Transform( 1, 0, 0, 0, 1, 0, 0, 0, 1, 1.91078, 1.03369, -6.19996 )
mesh = SubResource( 2 )
material/0 = null

[node name="MeshInstance5" type="MeshInstance" parent="Environment"]
transform = Transform( 0.938153, 0, -0.346222, 0, 1, 0, 0.346222, 0, 0.938153, -6.5116, 0.988334, -3.83723 )
mesh = SubResource( 3 )
material/0 = null

[node name="MeshInstance6" type="MeshInstance" parent="Environment"]
transform = Transform( -0.381007, 0, -0.924572, 0, 1, 0, 0.924572, 0, -0.381007, 4.7753, 0.988334, 4.00369 )
mesh = SubResource( 3 )
material/0 = null

[node name="MeshInstance7" type="MeshInstance" parent="Environment"]
transform = Transform( 0.637649, 0, -0.770327, 0, 1, 0, 0.770327, 0, 0.637649, -12.1763, 0.988334, 2.26235 )
mesh = SubResource( 3 )
material/0 = null

[node name="DirectionalLight" type="DirectionalLight" parent="."]

