[gd_scene load_steps=7 format=2]

[ext_resource path="res://characters/TankControlledCharacter.tscn" type="PackedScene" id=1]
[ext_resource path="res://camera/Director.tscn" type="PackedScene" id=2]

[sub_resource type="BoxShape" id=1]

[sub_resource type="PlaneMesh" id=2]

[sub_resource type="BoxShape" id=3]

[sub_resource type="CubeMesh" id=4]

[node name="VisibilityTest" type="Spatial"]

[node name="TankControlledCharacter" parent="." instance=ExtResource( 1 )]

[node name="Director" parent="." instance=ExtResource( 2 )]

[node name="Camera" type="Camera" parent="Director"]
transform = Transform( 1, 0, 0, 0, -4.37114e-008, 1, 0, -1, -4.37114e-008, 0, 10, 0 )

[node name="Camera2" type="Camera" parent="Director"]
transform = Transform( -4.37114e-008, -0.707107, 0.707107, 0, 0.707107, 0.707107, -1, 3.09086e-008, -3.09086e-008, 17.4511, 10, -3.59374 )

[node name="Camera5" type="Camera" parent="Director"]
transform = Transform( -1, 6.18173e-008, -6.18173e-008, 0, 0.707107, 0.707107, 8.74228e-008, 0.707107, -0.707107, -1.49621, 10, -15.3804 )

[node name="Camera3" type="Camera" parent="Director"]
transform = Transform( 0.0367992, 0.706628, -0.706628, 0, 0.707107, 0.707107, 0.999323, -0.026021, 0.026021, -21.4427, 10.9105, -3.67104 )

[node name="Camera4" type="Camera" parent="Director"]
transform = Transform( 0.994008, 0.0772929, -0.0772929, 0, 0.707107, 0.707107, 0.109309, -0.702869, 0.70287, -0.0667453, 10, 12.2421 )

[node name="Environment" type="Spatial" parent="."]

[node name="Floor" type="StaticBody" parent="Environment"]

[node name="CollisionShape" type="CollisionShape" parent="Environment/Floor"]
transform = Transform( 32, 0, 0, 0, 1, 0, 0, 0, 32, 0, 0, 0 )
shape = SubResource( 1 )

[node name="MeshInstance" type="MeshInstance" parent="Environment/Floor"]
transform = Transform( 32, 0, 0, 0, 1, 0, 0, 0, 32, 0, 0, 0 )
mesh = SubResource( 2 )
material/0 = null

[node name="StaticBody" type="StaticBody" parent="Environment"]
transform = Transform( 12, 0, 0, 0, 10, 0, 0, 0, 1, 0, 0.931457, -3.63092 )

[node name="CollisionShape" type="CollisionShape" parent="Environment/StaticBody"]
shape = SubResource( 3 )

[node name="MeshInstance" type="MeshInstance" parent="Environment/StaticBody"]
mesh = SubResource( 4 )
material/0 = null

[node name="DirectionalLight" type="DirectionalLight" parent="."]
transform = Transform( 1, 0, 0, 0, -0.98326, -0.182211, 0, 0.182211, -0.98326, 0, 0, 0 )
